sound : 0.23845327604726102
battery : 0.21911922663802363
screen : 0.16648764769065522
price : 0.11600429645542427
size : 0.09022556390977443
software : 0.07411385606874328
headphones : 0.06229860365198711
storage : 0.02577873254564984
button : 0.007518796992481203
